import numpy as np
PREDICTION = np.array([[   0.        ,   21.20408087],
       [   1.        ,   26.44825325],
       [   2.        ,   15.24150465],
       [   3.        ,   15.92565216],
       [   4.        ,   22.69095206],
       [   5.        ,   21.78699813],
       [   6.        ,   17.88356247],
       [   7.        ,   19.95856714],
       [   8.        ,   34.89936491],
       [   9.        ,   18.4864622 ],
       [  10.        ,   25.66273523],
       [  11.        ,   22.86537384],
       [  12.        ,   19.14898537],
       [  13.        ,   14.19627112],
       [  14.        ,   17.15561412],
       [  15.        ,   25.69745998],
       [  16.        ,   17.20897716],
       [  17.        ,   27.02117156],
       [  18.        ,   20.68762299],
       [  19.        ,   21.51101409],
       [  20.        ,   24.81336896],
       [  21.        ,   42.19350856],
       [  22.        ,   24.09338079],
       [  23.        ,   10.83754391],
       [  24.        ,   14.12002751],
       [  25.        ,   23.28959332],
       [  26.        ,   13.99218951],
       [  27.        ,   20.1719774 ],
       [  28.        ,   23.09739281],
       [  29.        ,   12.7773554 ],
       [  30.        ,   39.00330238],
       [  31.        ,   18.27362566],
       [  32.        ,   16.72054115],
       [  33.        ,   17.91511045],
       [  34.        ,   22.94730739],
       [  35.        ,   21.03672609],
       [  36.        ,   30.5309462 ],
       [  37.        ,   32.99519349],
       [  38.        ,   43.62859994],
       [  39.        ,   30.18704903],
       [  40.        ,   17.07530583],
       [  41.        ,   38.5485238 ],
       [  42.        ,   23.50433546],
       [  43.        ,   13.16653607],
       [  44.        ,   23.21491528],
       [  45.        ,   24.52900827],
       [  46.        ,   16.84772215],
       [  47.        ,   22.16129131],
       [  48.        ,   15.63730664],
       [  49.        ,   14.24918839],
       [  50.        ,   18.84466167],
       [  51.        ,   34.37098962],
       [  52.        ,   26.33440609],
       [  53.        ,    7.33937195],
       [  54.        ,   13.29276204],
       [  55.        ,   14.24535604],
       [  56.        ,   19.30058006],
       [  57.        ,   12.69179112],
       [  58.        ,    8.22176688],
       [  59.        ,   16.68243159],
       [  60.        ,   18.83823739],
       [  61.        ,   21.17978471],
       [  62.        ,   35.83331267],
       [  63.        ,   22.35324856],
       [  64.        ,   41.22653155],
       [  65.        ,   32.6887225 ],
       [  66.        ,   12.87622884],
       [  67.        ,   22.5768934 ],
       [  68.        ,   23.62352573],
       [  69.        ,   11.81172848],
       [  70.        ,   16.32652626],
       [  71.        ,   19.56999758],
       [  72.        ,   26.70597256],
       [  73.        ,   15.48448739],
       [  74.        ,   20.17510651],
       [  75.        ,   16.09171347],
       [  76.        ,   16.33321456],
       [  77.        ,   30.78448651],
       [  78.        ,   17.56757113],
       [  79.        ,   33.43591016],
       [  80.        ,   34.34620947],
       [  81.        ,   45.47529979],
       [  82.        ,   29.09948335],
       [  83.        ,   33.33790411],
       [  84.        ,   17.23017067],
       [  85.        ,   35.76626142],
       [  86.        ,   10.98626916],
       [  87.        ,   30.26345453],
       [  88.        ,   15.03989662],
       [  89.        ,   19.45536057],
       [  90.        ,   12.4452195 ],
       [  91.        ,   19.72601463],
       [  92.        ,   13.43789969],
       [  93.        ,   21.0941429 ],
       [  94.        ,   19.47792046],
       [  95.        ,   24.19161974],
       [  96.        ,   38.86781758],
       [  97.        ,   12.33023099],
       [  98.        ,   13.89925431],
       [  99.        ,   29.02654699],
       [ 100.        ,   25.77369035],
       [ 101.        ,   14.88942981],
       [ 102.        ,   28.49801578],
       [ 103.        ,   38.16679491],
       [ 104.        ,   33.08169183]])

       print PREDICTION.shape